
https://medium.com/analytics-vidhya/distance-estimation-cf2f2fd709d8

// cam_mats_left.npy 
// K-Left
[[826.49728201,   0.        , 206.98255118],
 [  0.        , 826.49728201, 234.33554433],
 [  0.        ,   0.        ,   1.        ]]


// cam_mats_right.npy  K-right
[[826.49728201,   0.        , 248.80398576],
 [  0.        , 826.49728201, 219.17615039],
 [  0.        ,   0.        ,   1.        ]]


// e_mat.npy
[[ 2.13460411e-03,  5.50417725e-01,  1.48847944e-01],
 [-4.77228857e-01, -6.92654643e-01, -8.22856691e+00],
 [-1.40501384e-01,  8.22569481e+00, -6.96945012e-01]]


// P = K * [R|t]

[ 8.26497282e+02,  0.00000000e+00, -3.23357248e+01, 6.10838692e+03;
  0.00000000e+00,  8.26497282e+02,  2.18531578e+02, 0.00000000e+00;
  0.00000000e+00,  0.00000000e+00,  1.00000000e+00, 0.00000000e+00 
]


[ 
0.99956387, -0.00895828, -0.02813935;
0.00899413,  0.99995889,  0.00114776;
0.02812791, -0.00140035,  0.99960335
]

//
[7.12351866;
 0.38318755;
 1.93157418]